X=[0; 0.4; 1.2 ; 1.6;-0.8;-0.4]
Y=[13;18; 19; 14; 12; 11]